2 2
6 2
564 2
3 3
11 3
564 3
4 4
12 4
35 4
36 4
105 4
476 4
5 5
8 5
28 5
102 5
103 5
104 5
6 6
10 6
7 7
8 7
38 7
99 7
104 7
8 8
38 8
102 8
103 8
104 8
9 9
27 9
36 9
725 9
10 10
11 10
105 10
11 11
105 11
12 12
13 12
39 12
567 12
13 13
14 14
35 14
105 14
15 15
414 15
16 16
17 16
18 16
19 16
20 16
412 16
17 17
18 18
19 19
20 20
21 21
22 21
38 21
103 21
22 22
23 22
24 22
25 22
26 22
23 23
24 24
25 25
26 26
27 27
36 27
28 28
29 28
30 28
31 28
102 28
29 29
30 30
31 31
32 32
33 32
101 32
33 33
101 33
34 34
101 34
35 35
105 35
554 35
36 36
105 36
711 36
37 37
712 37
38 38
103 38
39 39
40 39
99 39
413 39
40 40
100 40
41 41
42 41
44 41
46 41
42 42
43 42
45 42
43 43
44 44
147 44
45 45
487 45
46 46
50 46
47 47
49 47
48 48
49 48
49 49
55 49
507 49
50 50
51 50
54 50
51 51
52 51
53 51
52 52
53 53
126 53
54 54
55 54
56 54
55 55
426 55
446 55
448 55
56 56
57 57
64 57
58 58
67 58
59 59
71 59
60 60
68 60
61 61
69 61
62 62
131 62
63 63
130 63
64 64
65 64
66 64
65 65
72 65
132 65
227 65
66 66
1096 66
67 67
68 67
69 67
75 67
184 67
227 67
68 68
69 68
70 68
69 69
75 69
91 69
202 69
70 70
71 70
71 71
183 71
197 71
1064 71
1066 71
1075 71
72 72
73 72
73 73
74 73
122 73
74 74
75 75
76 75
77 75
79 75
81 75
120 75
76 76
205 76
811 76
919 76
77 77
78 77
79 77
128 77
78 78
1051 78
79 79
80 79
453 79
80 80
417 80
418 80
455 80
81 81
82 81
448 81
453 81
82 82
449 82
451 82
465 82
83 83
95 83
84 84
95 84
85 85
96 85
86 86
88 86
127 86
87 87
88 87
242 87
252 87
254 87
268 87
270 87
284 87
292 87
294 87
295 87
303 87
316 87
88 88
89 88
89 89
90 90
106 90
116 90
91 91
92 91
92 92
93 92
109 92
116 92
117 92
93 93
94 93
94 94
95 94
253 94
265 94
272 94
289 94
293 94
294 94
295 94
323 94
324 94
325 94
326 94
327 94
95 95
97 95
265 95
319 95
326 95
96 96
98 96
263 96
269 96
301 96
97 97
146 97
705 97
706 97
98 98
269 98
99 99
100 100
414 100
101 101
726 101
733 101
102 102
103 102
104 102
103 103
104 103
104 104
479 104
105 105
106 106
107 106
110 106
107 107
108 108
109 108
109 109
111 109
110 110
1030 110
111 111
112 111
329 111
368 111
371 111
112 112
368 112
369 112
702 112
113 113
114 113
371 113
687 113
114 114
115 114
116 114
691 114
115 115
1010 115
116 116
117 117
118 117
127 117
118 118
119 119
120 119
120 120
124 120
121 121
122 121
122 122
123 122
505 122
123 123
124 123
125 123
124 124
126 124
125 125
126 125
128 125
126 126
127 126
130 126
547 126
127 127
130 127
128 128
129 128
129 129
130 130
131 131
134 131
174 131
214 131
132 132
133 132
134 132
137 132
133 133
145 133
743 133
134 134
135 134
135 135
136 136
137 136
140 136
741 136
137 137
142 137
138 138
140 138
142 138
762 138
139 139
142 139
878 139
883 139
140 140
141 140
141 141
830 141
831 141
142 142
143 143
259 143
367 143
144 144
145 144
744 144
746 144
827 144
145 145
828 145
146 146
319 146
704 146
147 147
148 147
148 148
149 148
149 149
150 150
167 150
151 151
174 151
152 152
176 152
153 153
181 153
154 154
184 154
155 155
208 155
156 156
199 156
157 157
214 157
158 158
220 158
159 159
227 159
160 160
183 160
206 160
161 161
173 161
234 161
162 162
223 162
744 162
163 163
164 163
170 163
210 163
224 163
233 163
164 164
187 164
202 164
228 164
165 165
167 165
166 166
167 166
168 166
176 166
195 166
167 167
193 167
202 167
219 167
168 168
176 168
169 169
181 169
210 169
170 170
188 170
171 171
189 171
195 171
172 172
179 172
218 172
173 173
174 173
223 173
756 173
174 174
185 174
175 175
212 175
217 175
176 176
180 176
177 177
178 177
179 177
208 177
178 178
208 178
179 179
215 179
218 179
180 180
204 180
181 181
210 181
182 182
184 182
183 183
184 183
206 183
222 183
184 184
185 184
202 184
227 184
185 185
194 185
214 185
186 186
188 186
187 187
188 187
219 187
188 188
189 188
207 188
210 188
189 189
190 190
212 190
217 190
191 191
200 191
192 192
196 192
198 192
199 192
212 192
193 193
200 193
219 193
221 193
194 194
199 194
200 194
209 194
195 195
217 195
196 196
212 196
197 197
198 198
213 198
199 199
200 200
201 201
202 201
203 201
202 202
219 202
203 203
204 203
204 204
205 205
206 206
222 206
207 207
217 207
208 208
209 208
225 208
209 209
210 210
211 211
216 211
218 211
219 211
212 212
213 212
213 213
214 214
505 214
215 215
218 215
216 216
217 217
219 217
218 218
219 219
220 220
221 220
231 220
221 221
222 222
223 222
226 222
223 223
226 223
234 223
744 223
224 224
233 224
225 225
1027 225
226 226
227 227
228 228
229 228
229 229
230 229
232 229
233 229
230 230
231 231
232 232
233 232
233 233
234 234
235 235
237 235
308 235
236 236
237 236
244 236
271 236
273 236
299 236
300 236
237 237
287 237
238 238
262 238
288 238
310 238
367 238
703 238
239 239
240 239
271 239
240 240
271 240
282 240
241 241
260 241
242 242
243 242
247 242
254 242
258 242
267 242
276 242
280 242
290 242
292 242
293 242
294 242
295 242
300 242
311 242
322 242
328 242
243 243
245 243
246 243
244 244
245 245
273 245
246 246
299 246
247 247
311 247
248 248
249 248
256 248
249 249
256 249
250 250
283 250
251 251
258 251
264 251
290 251
318 251
252 252
268 252
253 253
311 253
314 253
254 254
255 255
256 255
286 255
256 256
259 256
261 256
264 256
257 257
291 257
318 257
322 257
258 258
259 259
262 259
328 259
260 260
279 260
261 261
290 261
262 262
263 263
269 263
277 263
315 263
264 264
265 265
312 265
266 266
277 266
301 266
267 267
308 267
268 268
283 268
285 268
303 268
269 269
271 269
302 269
270 270
285 270
271 271
276 271
280 271
281 271
319 271
321 271
272 272
273 273
274 274
275 274
304 274
316 274
275 275
313 275
276 276
277 277
278 278
286 278
290 278
279 279
310 279
280 280
281 281
282 282
283 283
284 284
293 284
285 285
286 286
287 287
288 288
289 289
292 289
290 290
291 291
292 292
293 293
294 294
295 295
296 296
299 296
297 297
298 297
298 298
300 298
299 299
300 300
301 301
697 301
302 302
315 302
303 303
304 304
313 304
305 305
306 305
316 305
330 305
306 306
316 306
307 307
323 307
308 308
309 309
324 309
310 310
311 311
312 312
327 312
313 313
316 313
314 314
315 315
316 316
317 316
320 316
324 316
317 317
323 317
318 318
319 319
705 319
320 320
330 320
321 321
322 322
323 323
324 324
325 325
326 325
326 326
327 327
328 328
329 329
330 330
331 331
336 331
332 332
337 332
333 333
338 333
334 334
351 334
335 335
351 335
336 336
338 336
337 337
338 337
338 338
339 338
340 338
341 338
339 339
341 339
340 340
341 340
341 341
342 341
343 341
342 342
343 342
343 343
344 343
345 343
346 343
371 343
344 344
347 344
345 345
347 345
346 346
347 346
347 347
348 347
350 347
368 347
348 348
349 348
349 349
350 349
350 350
351 350
351 351
352 352
367 352
353 353
354 353
409 353
410 353
354 354
364 354
383 354
355 355
383 355
384 355
356 356
376 356
357 357
384 357
399 357
358 358
395 358
396 358
359 359
480 359
360 360
475 360
361 361
716 361
362 362
480 362
481 362
363 363
404 363
715 363
364 364
365 364
366 364
374 364
375 364
389 364
396 364
408 364
475 364
365 365
366 366
367 367
700 367
368 368
369 368
373 368
369 369
370 370
372 370
371 371
372 372
373 372
373 373
374 374
375 375
376 376
377 376
378 376
379 376
380 376
381 376
382 376
390 376
405 376
377 377
378 378
379 379
380 380
381 381
382 382
383 383
384 384
385 384
386 384
387 384
388 384
393 384
385 385
386 386
387 387
388 388
389 389
390 389
391 389
392 389
396 389
402 389
406 389
390 390
391 391
392 392
393 393
396 393
394 394
475 394
480 394
395 395
396 395
396 396
399 396
400 396
406 396
407 396
408 396
475 396
397 397
407 397
717 397
718 397
398 398
717 398
718 398
399 399
400 400
401 401
474 401
402 402
403 402
715 402
403 403
404 404
405 405
410 405
406 406
407 407
480 407
484 407
717 407
718 407
408 408
409 409
410 410
411 411
412 411
413 411
732 411
412 412
477 412
478 412
487 412
413 413
414 413
479 413
710 413
725 413
414 414
415 415
432 415
434 415
416 416
433 416
434 416
417 417
434 417
463 417
418 418
434 418
463 418
419 419
420 419
546 419
420 420
421 421
422 421
423 421
471 421
422 422
423 423
424 424
426 424
517 424
425 425
467 425
517 425
426 426
427 426
428 426
467 426
427 427
438 427
520 427
428 428
429 429
430 429
431 429
432 429
433 429
430 430
431 431
432 432
433 433
434 434
435 434
511 434
565 434
435 435
436 436
511 436
437 437
535 437
438 438
439 438
440 438
442 438
459 438
439 439
440 440
441 440
461 440
441 441
442 442
443 442
443 443
444 444
445 444
471 444
507 444
517 444
445 445
459 445
446 446
447 446
448 446
447 447
448 448
450 448
538 448
449 449
465 449
450 450
451 450
451 451
452 451
452 452
453 453
454 453
454 454
455 455
456 455
456 456
457 457
458 457
565 457
458 458
459 459
460 459
461 459
460 460
461 461
462 461
462 462
463 463
464 463
464 464
465 465
466 465
546 465
466 466
969 466
467 467
468 467
468 468
469 469
545 469
470 470
544 470
471 471
472 472
473 472
479 472
482 472
493 472
708 472
709 472
473 473
474 474
475 474
475 475
476 476
711 476
725 476
477 477
483 477
478 478
479 478
479 479
709 479
710 479
480 480
481 480
715 480
727 480
481 481
482 482
485 482
486 482
492 482
493 482
734 482
483 483
484 483
484 484
485 485
710 485
734 485
486 486
492 486
487 487
732 487
488 488
492 488
489 489
492 489
490 490
493 490
491 491
493 491
492 492
493 492
735 492
493 493
708 493
494 494
708 494
495 495
506 495
496 496
514 496
497 497
522 497
498 498
523 498
499 499
524 499
500 500
501 500
820 500
915 500
501 501
502 502
503 502
506 502
508 502
522 502
532 502
537 502
503 503
608 503
610 503
614 503
938 503
504 504
508 504
514 504
554 504
505 505
506 505
506 506
522 506
527 506
579 506
507 507
508 508
509 508
510 508
516 508
522 508
523 508
548 508
509 509
620 509
640 509
782 509
510 510
512 510
516 510
521 510
535 510
511 511
521 511
512 512
915 512
927 512
513 513
521 513
514 514
515 514
541 514
515 515
791 515
796 515
516 516
517 516
518 516
519 516
537 516
548 516
517 517
518 518
994 518
996 518
519 519
520 520
958 520
968 520
521 521
522 522
523 522
523 523
524 523
524 524
583 524
771 524
780 524
803 524
525 525
534 525
986 525
1002 525
526 526
569 526
527 527
528 527
532 527
528 528
922 528
934 528
1069 528
1074 528
1075 528
1125 528
529 529
530 529
810 529
820 529
530 530
531 531
579 531
584 531
781 531
798 531
804 531
532 532
533 532
535 532
533 533
555 533
648 533
653 533
664 533
669 533
673 533
674 533
678 533
909 533
913 533
919 533
1048 533
534 534
535 535
536 535
537 535
543 535
536 536
886 536
537 537
538 537
539 537
540 537
543 537
538 538
539 539
810 539
915 539
949 539
954 539
965 539
540 540
541 541
801 541
542 542
544 542
543 543
544 543
546 543
547 543
544 544
545 544
545 545
546 546
547 547
548 548
549 549
552 549
550 550
564 550
551 551
567 551
552 552
553 552
556 552
567 552
553 553
559 553
561 553
554 554
562 554
711 554
555 555
575 555
910 555
556 556
557 556
558 556
565 556
567 556
557 557
560 557
580 557
622 557
904 557
558 558
559 558
559 559
980 559
981 559
987 559
990 559
992 559
999 559
1001 559
560 560
580 560
561 561
981 561
562 562
563 562
567 562
563 563
564 563
564 564
568 564
565 565
566 566
568 566
567 567
568 567
568 568
569 569
774 569
796 569
570 570
786 570
571 571
580 571
572 572
777 572
573 573
784 573
574 574
797 574
575 575
576 576
582 576
577 577
583 577
785 577
578 578
787 578
803 578
1091 578
579 579
781 579
580 580
581 580
783 580
784 580
896 580
928 580
581 581
588 581
582 582
777 582
797 582
798 582
800 582
583 583
584 584
781 584
804 584
585 585
586 585
1069 585
586 586
608 586
614 586
660 586
587 587
598 587
588 588
599 588
615 588
589 589
596 589
598 589
590 590
592 590
591 591
596 591
617 591
592 592
602 592
593 593
612 593
594 594
605 594
595 595
601 595
596 596
597 597
598 597
604 597
608 597
598 598
599 599
600 600
1106 600
601 601
602 601
783 601
602 602
603 602
634 602
603 603
641 603
604 604
605 604
606 604
1093 604
605 605
613 605
616 605
606 606
608 606
607 607
611 607
608 608
609 609
611 609
1102 609
610 610
1069 610
611 611
612 612
616 612
613 613
614 614
615 615
616 616
617 617
618 618
1124 618
619 619
630 619
640 619
620 620
621 620
621 621
633 621
622 622
625 622
1062 622
623 623
626 623
642 623
624 624
640 624
643 624
625 625
639 625
626 626
636 626
627 627
635 627
636 627
628 628
640 628
629 629
632 629
643 629
630 630
638 630
644 630
631 631
632 631
636 631
797 631
632 632
633 633
635 633
642 633
634 634
635 635
636 636
637 636
637 637
1095 637
638 638
639 639
640 640
641 641
642 642
643 643
644 644
645 645
653 645
663 645
646 646
651 646
1061 646
647 647
665 647
1052 647
648 648
1042 648
649 649
679 649
1043 649
650 650
673 650
1056 650
651 651
654 651
652 652
671 652
1046 652
653 653
654 653
664 653
667 653
669 653
677 653
1055 653
654 654
1049 654
655 655
678 655
1058 655
656 656
658 656
666 656
657 657
679 657
658 658
1056 658
659 659
672 659
673 659
660 660
678 660
661 661
1051 661
1059 661
662 662
678 662
663 663
673 663
664 664
665 665
1057 665
666 666
683 666
667 667
682 667
668 668
1052 668
669 669
670 670
680 670
1059 670
671 671
1122 671
672 672
680 672
673 673
674 673
683 673
1050 673
1051 673
1053 673
1059 673
1122 673
674 674
675 675
676 675
1047 675
676 676
1051 676
677 677
1044 677
678 678
679 678
1042 678
1060 678
679 679
680 680
681 681
1048 681
1058 681
682 682
1054 682
683 683
684 684
690 684
685 685
690 685
686 686
692 686
687 687
688 687
689 687
688 688
689 689
690 689
695 689
700 689
701 689
703 689
690 690
694 690
691 691
692 691
695 691
698 691
692 692
693 692
696 692
693 693
694 694
696 694
695 695
696 695
696 696
697 697
698 698
699 698
699 699
700 700
701 700
701 701
702 702
703 703
704 704
705 705
706 706
707 707
708 707
708 708
727 708
709 709
710 709
710 710
711 711
712 712
725 712
735 712
713 713
715 713
714 714
715 714
715 715
716 715
735 715
716 716
717 717
718 717
718 718
719 719
725 719
720 720
725 720
721 721
725 721
722 722
725 722
723 723
725 723
724 724
725 724
725 725
726 725
735 725
726 726
727 727
728 728
729 728
732 728
729 729
732 729
730 730
731 730
732 730
731 731
732 731
732 732
733 733
734 734
735 735
736 736
744 736
737 737
743 737
738 738
744 738
739 739
743 739
740 740
745 740
741 741
742 741
743 741
745 741
742 742
750 742
760 742
743 743
744 743
744 744
747 744
745 745
757 745
746 746
747 746
747 747
748 748
749 748
759 748
749 749
758 749
750 750
754 750
751 751
752 751
760 751
752 752
753 753
758 753
763 753
754 754
755 755
758 755
766 755
756 756
765 756
757 757
758 757
758 758
759 759
760 760
761 761
762 761
762 762
767 762
768 762
763 763
764 763
764 764
765 765
766 766
767 767
769 767
768 768
769 769
770 769
773 769
770 770
771 771
824 771
772 772
773 772
773 773
774 774
775 774
796 774
802 774
803 774
775 775
776 776
777 776
782 776
777 777
782 777
797 777
798 777
1128 777
778 778
794 778
796 778
801 778
779 779
780 779
780 780
781 780
788 780
781 781
798 781
950 781
782 782
783 783
784 783
784 784
785 785
803 785
786 786
787 786
789 786
797 786
798 786
803 786
787 787
1129 787
788 788
950 788
789 789
790 789
797 789
1133 789
790 790
1095 790
791 791
792 791
796 791
792 792
793 793
800 793
1111 793
794 794
795 794
826 794
795 795
796 795
801 795
796 796
797 797
800 797
798 798
799 798
804 798
806 798
1120 798
799 799
1115 799
800 800
801 801
802 802
803 803
1138 803
804 804
805 804
805 805
806 806
1139 806
807 807
822 807
808 808
888 808
809 809
898 809
810 810
921 810
811 811
812 811
919 811
812 812
813 813
910 813
814 814
886 814
941 814
1123 814
815 815
816 815
910 815
919 815
816 816
817 817
818 817
928 817
818 818
819 818
908 818
819 819
820 820
821 820
821 821
822 822
889 822
898 822
922 822
823 823
881 823
886 823
936 823
824 824
825 825
826 825
826 826
827 827
828 828
829 829
838 829
839 829
875 829
830 830
834 830
840 830
831 831
834 831
841 831
832 832
842 832
870 832
833 833
843 833
870 833
834 834
844 834
835 835
845 835
875 835
836 836
846 836
863 836
837 837
847 837
870 837
838 838
839 839
860 839
861 839
840 840
841 841
842 842
843 843
844 844
845 845
846 846
847 847
848 848
849 848
849 849
874 849
850 850
855 850
864 850
865 850
851 851
856 851
874 851
852 852
857 852
859 852
853 853
858 853
870 853
854 854
877 854
855 855
856 856
857 857
858 858
859 859
874 859
860 860
861 861
862 861
862 862
863 863
864 863
864 864
870 864
865 865
866 865
870 865
866 866
867 867
870 867
878 867
868 868
879 868
869 869
870 869
872 869
878 869
870 870
871 870
871 871
872 871
878 871
872 872
873 873
883 873
874 874
883 874
875 875
879 875
876 876
877 876
883 876
877 877
878 878
879 878
884 878
879 879
880 880
883 880
881 881
882 882
883 882
883 883
884 884
885 885
938 885
1124 885
886 886
915 886
919 886
887 887
896 887
928 887
938 887
888 888
897 888
898 888
889 889
925 889
890 890
918 890
891 891
892 891
909 891
918 891
892 892
893 893
894 893
900 893
928 893
894 894
895 895
922 895
937 895
1127 895
896 896
1126 896
897 897
898 897
898 898
914 898
918 898
945 898
899 899
915 899
927 899
900 900
901 900
909 900
901 901
902 902
914 902
1130 902
903 903
907 903
904 904
988 904
905 905
906 905
940 905
945 905
906 906
907 907
923 907
940 907
908 908
924 908
909 909
913 909
918 909
928 909
910 910
911 910
911 911
912 912
913 912
913 913
914 914
915 915
936 915
939 915
964 915
916 916
927 916
917 917
992 917
918 918
919 918
931 918
919 919
920 919
1131 919
920 920
941 920
921 921
922 922
924 922
925 922
928 922
934 922
938 922
923 923
931 923
1134 923
924 924
925 925
926 925
926 926
927 927
928 928
929 928
938 928
929 929
930 929
938 929
930 930
931 931
932 931
932 932
933 933
950 933
934 934
935 934
943 934
935 935
936 936
948 936
937 937
938 937
1135 937
938 938
939 939
940 940
941 941
955 941
942 942
955 942
943 943
944 944
945 944
945 945
946 946
962 946
947 947
966 947
948 948
949 949
953 949
956 949
958 949
959 949
965 949
950 950
951 951
952 951
956 951
957 951
952 952
966 952
970 952
976 952
953 953
961 953
954 954
956 954
955 955
960 955
956 956
957 957
958 958
959 958
968 958
974 958
959 959
960 960
961 961
974 961
962 962
963 962
964 962
969 962
963 963
967 963
964 964
973 964
965 965
966 966
969 966
970 966
967 967
972 967
968 968
969 969
970 970
971 970
971 971
972 972
973 972
973 973
974 974
975 975
984 975
976 976
977 977
978 977
990 977
1002 977
978 978
979 979
990 979
980 980
984 980
981 981
982 982
983 982
985 982
999 982
983 983
984 984
987 984
985 985
986 986
988 986
990 986
987 987
988 988
1000 988
989 989
994 989
996 989
990 990
991 990
991 991
992 992
993 992
993 993
994 994
995 994
995 995
996 996
998 996
999 996
997 997
998 997
998 998
999 998
999 999
1000 1000
1001 1001
1002 1002
1003 1003
1028 1003
1004 1004
1036 1004
1005 1005
1033 1005
1006 1006
1040 1006
1007 1007
1008 1007
1014 1007
1020 1007
1022 1007
1031 1007
1036 1007
1008 1008
1009 1009
1024 1009
1010 1010
1011 1010
1019 1010
1020 1010
1022 1010
1023 1010
1041 1010
1011 1011
1012 1012
1041 1012
1013 1013
1041 1013
1014 1014
1024 1014
1030 1014
1031 1014
1038 1014
1039 1014
1040 1014
1015 1015
1040 1015
1016 1016
1030 1016
1017 1017
1025 1017
1035 1017
1018 1018
1030 1018
1019 1019
1020 1020
1034 1020
1021 1021
1022 1021
1022 1022
1023 1023
1024 1024
1025 1024
1026 1024
1028 1024
1025 1025
1035 1025
1026 1026
1029 1026
1027 1027
1028 1027
1028 1028
1029 1028
1036 1028
1029 1029
1030 1030
1031 1031
1032 1031
1032 1032
1033 1033
1035 1033
1037 1033
1034 1034
1035 1035
1036 1036
1037 1036
1037 1037
1038 1038
1039 1039
1040 1040
1041 1041
1042 1042
1043 1043
1044 1044
1051 1044
1045 1045
1051 1045
1054 1045
1046 1046
1048 1046
1047 1047
1059 1047
1048 1048
1049 1049
1050 1050
1055 1050
1051 1051
1052 1051
1053 1051
1052 1052
1057 1052
1053 1053
1054 1054
1055 1055
1056 1056
1057 1056
1059 1056
1057 1057
1058 1058
1059 1059
1060 1060
1062 1060
1061 1061
1062 1062
1063 1063
1073 1063
1086 1063
1064 1064
1075 1064
1065 1065
1076 1065
1088 1065
1066 1066
1078 1066
1081 1066
1067 1067
1069 1067
1068 1068
1072 1068
1069 1069
1070 1069
1093 1069
1070 1070
1087 1070
1071 1071
1078 1071
1114 1071
1072 1072
1089 1072
1073 1073
1076 1073
1074 1074
1075 1074
1075 1075
1076 1075
1082 1075
1087 1075
1076 1076
1083 1076
1077 1077
1078 1077
1078 1078
1079 1078
1081 1078
1089 1078
1096 1078
1079 1079
1085 1079
1086 1079
1080 1080
1118 1080
1081 1081
1082 1082
1083 1083
1084 1084
1088 1084
1085 1085
1086 1086
1087 1087
1088 1088
1089 1089
1090 1090
1107 1090
1113 1090
1091 1091
1092 1091
1092 1092
1094 1092
1109 1092
1093 1093
1094 1094
1099 1094
1095 1095
1096 1096
1097 1096
1101 1096
1106 1096
1114 1096
1097 1097
1104 1097
1108 1097
1113 1097
1098 1098
1101 1098
1099 1099
1100 1099
1100 1100
1101 1101
1102 1101
1102 1102
1121 1102
1103 1103
1113 1103
1104 1104
1105 1105
1119 1105
1120 1105
1106 1106
1107 1107
1110 1107
1108 1108
1109 1109
1110 1110
1111 1111
1115 1111
1112 1112
1120 1112
1113 1113
1114 1114
1115 1115
1116 1115
1117 1115
1116 1116
1117 1117
1118 1118
1121 1118
1119 1119
1120 1120
1121 1121
1122 1122
1123 1123
1137 1123
1124 1124
1125 1125
1136 1125
1126 1126
1127 1127
1128 1128
1129 1129
1130 1130
1136 1130
1131 1131
1132 1132
1137 1132
1133 1133
1134 1134
1135 1135
1136 1136
1137 1137
1138 1138
1139 1139
